RUN = [
      0          0      34049     136533     102484   -1
      6          0       4256     136533     132277    4
     12          0        532     136533     136001    7
     18          0         67     136533     136467   10
     24          6        883     136533     135650   12
     30         25       2881     136533     133652   15
     36         68       6631     136533     129902   17
     42        141      11475     136533     125059   19
     48        254      17914     136533     118620   20
     54        414      25573     136533     110961   22
     60        624      33822     136533     102712   23
     66        880      41561     136533      94972   24
     72       1180      48945     136533      87588   25
     78       1528      56868     136533      79665   25
     84       1914      63400     136533      73133   26
     90       2335      69321     136533      67212   27
     96       2794      75603     136533      60931   27
    102       3287      81346     136533      55187   28
    108       3813      86877     136533      49657   28
    114       4371      92235     136533      44299   28
    120       4957      96988     136533      39546   29
    126       5570     101519     136533      35014   29
    132       6206     105440     136533      31093   29
    138       6866     109430     136533      27103   29
    144       7545     112700     136533      23834   29
    150       8234     114567     136533      21967   29
    156       8931     115967     136533      20567   30
    162       9641     118037     136533      18496   30
    168      10364     120192     136533      16341   30
    174      11098     122066     136533      14468   30
    180      11842     123758     136533      12775   30
    186      12597     125574     136533      10959   30
    192      13361     127113     136533       9420   30
    198      14134     128618     136533       7915   30
    204      14916     130119     136533       6414   30
    210      15703     131036     136533       5498   30
    216      16490     131150     136533       5383   30
    222      17276     131019     136533       5515   30
    228      18065     131440     136533       5093   30
    234      18856     131784     136533       4749   30
    240      19648     131973     136533       4560   30
    246      20441     132142     136533       4391   30
    252      21237     132601     136533       3932   31
    258      22042     133971     136533       2562   30
    264      22852     134871     136533       1662   30
    270      23664     135276     136533       1258   30
    276      24473     134889     136533       1645   30
    282      25277     134111     136533       2422   31
    288      26082     134160     136533       2374   31
    294      26892     134895     136533       1638   31
    300      27707     135716     136533        817   30
    306      28522     135819     136533        715   30
    312      29336     135686     136533        848   30
    318      30151     135815     136533        718   30
    324      30966     135831     136533        702   30
    330      31783     136125     136533        409   30
    336      32595     135432     136533       1101   31
    342      33406     135200     136533       1333   31
    348      34221     135754     136533        779   31
    354      35039     136261     136533        272   31
    360      35860     136762     136533       -228   30
    366      36681     136824     136533       -291   30
    372      37501     136686     136533       -153   30
    378      38322     136815     136533       -282   30
    384      39142     136685     136533       -152   30
    390      39965     137106     136533       -573   30
    396      40782     136284     136533        249   30
    402      41593     135306     136533       1227   31
    408      42405     135330     136533       1203   31
    414      43221     135916     136533        617   31
    420      44040     136427     136533        106   31
    426      44863     137074     136533       -541   30
    432      45687     137301     136533       -768   30
    438      46512     137475     136533       -942   30
    444      47336     137351     136533       -818   30
    450      48161     137481     136533       -948   30
    456      48981     136769     136533       -235   30
    462      49796     135950     136533        583   31
    468      50610     135702     136533        831   31
    474      51428     136254     136533        279   31
    480      52249     136761     136533       -228   30
    486      53070     136824     136533       -291   30
    492      53891     136832     136533       -299   30
    498      54712     136833     136533       -300   30
    504      55534     136979     136533       -446   30
    510      56357     137143     136533       -610   30
    516      57174     136289     136533        245   30
    522      57986     135453     136533       1081   31
    528      58799     135494     136533       1039   31
    534      59615     135937     136533        597   31
    540      60434     136430     136533        104   31
    546      61256     136929     136533       -395   30
    552      62080     137283     136533       -749   30
    558      62904     137327     136533       -794   30
    564      63727     137187     136533       -653   30
    570      64551     137315     136533       -782   30
    576      65370     136602     136533        -69   30
    582      66183     135638     136533        896   31
    588      66997     135663     136533        870   31
    594      67814     136104     136533        430   31
    600      68634     136596     136533        -63   30
    606      69455     136804     136533       -270   30
    612      70274     136538     136533         -5   30
    618      71094     136651     136533       -117   30
    624      71914     136665     136533       -131   30
    630      72735     136812     136533       -279   30
    636      73552     136247     136533        286   30
    642      74363     135302     136533       1232   31
    648      75174     135184     136533       1350   31
    654      75990     135898     136533        635   31
    660      76810     136571     136533        -37   31
    666      77633     137092     136533       -559   30
    672      78458     137449     136533       -916   30
    678      79284     137639     136533      -1106   30
    684      80110     137663     136533      -1130   30
    690      80936     137666     136533      -1133   30
    696      81757     136937     136533       -404   30
    702      82572     135971     136533        562   30
    708      83384     135413     136533       1120   31
    714      84197     135489     136533       1044   31
    720      85014     136082     136533        451   31
    726      85836     136885     136533       -352   30
    732      86659     137131     136533       -598   30
    738      87485     137600     136533      -1066   30
    744      88310     137512     136533       -979   30
    750      89135     137502     136533       -968   30
    756      89956     136917     136533       -384   30
    762      90771     135969     136533        565   30
    768      91584     135559     136533        975   31
    774      92398     135653     136533        880   31
    780      93217     136394     136533        139   30
    786      94035     136341     136533        192   30
    792      94854     136480     136533         53   30
    798      95674     136643     136533       -110   30
    804      96495     136810     136533       -276   30
    810      97318     137122     136533       -589   30
    816      98136     136432     136533        101   30
