RUN = [
      0          0      34246     273067     238820    0
      6          0       4281     273067     268786   10
     12          8       1702     273067     271365   15
     18         45       5609     273067     267458   20
     24        134      13680     273067     259386   24
     30        287      24023     273067     249044   28
     36        514      36107     273067     236960   31
     42        829      50451     273067     222616   34
     48       1230      64786     273067     208281   36
     54       1723      79994     273067     193073   39
     60       2308      95312     273067     177755   40
     66       2977     109476     273067     163590   42
     72       3728     123205     273067     149861   43
     78       4556     136151     273067     136916   45
     84       5461     148998     273067     124069   46
     90       6439     161250     273067     111817   47
     96       7487     172990     273067     100077   47
    102       8601     184082     273067      88985   48
    108       9770     193489     273067      79577   48
    114      10988     201811     273067      71255   49
    120      12246     208685     273067      64382   49
    126      13543     215231     273067      57835   50
    132      14880     221883     273067      51184   50
    138      16254     228110     273067      44956   50
    144      17662     233847     273067      39220   50
    150      19095     238210     273067      34857   50
    156      20546     241380     273067      31686   51
    162      22018     244839     273067      28227   51
    168      23512     248480     273067      24587   51
    174      25029     252289     273067      20778   51
    180      26563     255244     273067      17822   51
    186      28107     257072     273067      15994   51
    192      29660     258613     273067      14453   51
    198      31223     260264     273067      12803   51
    204      32798     262221     273067      10846   51
    210      34384     264069     273067       8997   51
    216      35974     264884     273067       8183   51
    222      37565     265131     273067       7935   51
    228      39161     265891     273067       7175   52
    234      40766     267299     273067       5768   51
    240      42380     268787     273067       4279   51
    246      43996     269265     273067       3802   51
    252      45609     268887     273067       4179   52
    258      47225     269278     273067       3789   52
    264      48850     270639     273067       2428   51
    270      50482     271830     273067       1237   51
    276      52113     271833     273067       1234   51
    282      53739     271104     273067       1963   52
    288      55366     271159     273067       1908   52
    294      57000     272187     273067        880   51
    300      58639     273044     273067         23   51
    306      60275     272714     273067        353   51
    312      61906     271943     273067       1123   52
    318      63535     271555     273067       1511   52
    324      65170     272382     273067        685   51
    330      66809     273069     273067         -2   51
    336      68446     272863     273067        204   51
    342      70074     271525     273067       1542   52
    348      71704     271649     273067       1418   52
    354      73338     272248     273067        819   52
    360      74980     273489     273067       -423   51
    366      76620     273353     273067       -286   51
    372      78254     272461     273067        606   52
    378      79886     272058     273067       1009   52
    384      81522     272591     273067        476   52
    390      83165     273678     273067       -611   51
    396      84807     273668     273067       -601   51
    402      86441     272500     273067        566   52
    408      88073     272063     273067       1004   52
    414      89709     272591     273067        476   52
    420      91352     273678     273067       -611   51
    426      92993     273522     273067       -456   51
    432      94627     272482     273067        585   52
    438      96260     272206     273067        861   52
    444      97897     272755     273067        312   52
    450      99541     273844     273067       -778   51
    456     101184     273835     273067       -768   51
    462     102819     272667     273067        400   52
    468     104453     272375     273067        692   52
    474     106092     273068     273067         -1   52
    480     107737     274029     273067       -963   51
    486     109379     273712     273067       -645   51
    492     111014     272651     273067        415   52
    498     112647     272227     273067        839   52
    504     114285     272903     273067        163   52
    510     115929     273863     273067       -796   51
    516     117572     273837     273067       -770   51
    522     119207     272667     273067        400   52
    528     120840     272229     273067        837   52
    534     122479     273049     273067         17   52
    540     124123     273881     273067       -815   51
    546     125766     273839     273067       -773   51
    552     127401     272667     273067        399   52
    558     129034     272229     273067        837   52
    564     130671     272758     273067        309   52
    570     132315     273845     273067       -778   51
    576     133957     273689     273067       -622   51
    582     135591     272503     273067        564   52
    588     137224     272209     273067        858   52
    594     138861     272755     273067        311   52
    600     140505     273844     273067       -778   51
    606     142146     273543     273067       -476   51
    612     143780     272485     273067        582   52
    618     145413     272206     273067        860   52
    624     147050     272755     273067        312   52
    630     148693     273699     273067       -632   51
    636     150335     273671     273067       -604   51
    642     151968     272355     273067        712   52
    648     153600     272044     273067       1022   52
    654     155236     272589     273067        478   52
    660     156878     273532     273067       -465   52
    666     158522     273941     273067       -875   51
    672     160160     273118     273067        -51   52
    678     161797     272869     273067        198   52
    684     163438     273421     273067       -354   51
    690     165081     273782     273067       -715   51
    696     166721     273389     273067       -323   51
    702     168353     272174     273067        893   52
    708     169985     272022     273067       1045   52
    714     171621     272586     273067        481   52
    720     173262     273386     273067       -319   52
    726     174906     273923     273067       -857   51
    732     176544     273115     273067        -49   52
    738     178180     272723     273067        344   52
    744     179821     273403     273067       -336   51
    750     181465     273925     273067       -859   51
    756     183105     273407     273067       -341   51
    762     184737     272176     273067        891   52
    768     186369     272022     273067       1045   52
    774     188006     272732     273067        335   52
    780     189649     273696     273067       -629   51
    786     191292     273816     273067       -749   51
    792     192926     272519     273067        548   52
    798     194559     272211     273067        856   52
    804     196196     272755     273067        311   52
    810     197838     273553     273067       -486   52
    816     199481     273798     273067       -732   51
